      a    b    c    d    e    f    g    h  
    -----------------------------------------
  1 |  1 | 48 | 15 | 32 | 39 | 28 | 13 | 30 |
    -----------------------------------------
  2 | 16 | 33 | 64 | 47 | 14 | 31 | 42 | 27 |
    -----------------------------------------
  3 | 61 |  2 | 49 | 38 | 59 | 40 | 29 | 12 |
    -----------------------------------------
  4 | 34 | 17 | 60 | 63 | 46 | 43 | 26 | 41 |
    -----------------------------------------
  5 |  3 | 62 | 35 | 50 | 37 | 58 | 11 | 44 |
    -----------------------------------------
  6 | 18 | 51 | 20 | 57 | 54 | 45 |  8 | 25 |
    -----------------------------------------
  7 | 21 |  4 | 53 | 36 | 23 |  6 | 55 | 10 |
    -----------------------------------------
  8 | 52 | 19 | 22 |  5 | 56 |  9 | 24 |  7 |
    -----------------------------------------
      a    b    c    d    e    f    g    h  
