      a    b    c    d    e    f    g    h    i    j    k    l    m    n    o    p  
    ---------------------------------------------------------------------------------
  1 |  1 | 30 |209 |218 | 27 | 32 |237 | 36 | 25 | 34 |125 | 38 | 23 | 40 | 95 | 92 |
    ---------------------------------------------------------------------------------
  2 |208 |211 | 28 | 31 |240 |219 | 26 | 33 |236 | 37 | 24 |121 |108 | 93 | 22 | 41 |
    ---------------------------------------------------------------------------------
  3 | 29 |  2 |229 |210 |217 |256 |233 |238 | 35 |126 |161 |124 | 39 | 96 | 91 | 94 |
    ---------------------------------------------------------------------------------
  4 |212 |207 |216 |241 |232 |239 |220 |253 |182 |235 |122 |107 |120 |109 | 42 | 21 |
    ---------------------------------------------------------------------------------
  5 |  3 |230 |213 |228 |249 |244 |255 |234 |139 |162 |127 |160 |123 | 90 | 97 |110 |
    ---------------------------------------------------------------------------------
  6 |206 |215 |248 |231 |242 |221 |252 |183 |254 |181 |138 |119 |106 |111 | 20 | 43 |
    ---------------------------------------------------------------------------------
  7 |225 |  4 |227 |214 |245 |250 |243 |202 |163 |140 |159 |128 | 87 | 98 | 89 | 78 |
    ---------------------------------------------------------------------------------
  8 |196 |205 |224 |247 |222 |203 |184 |251 |180 |137 |118 |105 |112 | 79 | 44 | 19 |
    ---------------------------------------------------------------------------------
  9 |  5 |226 |197 |204 |185 |246 |201 |164 |141 |158 |129 | 86 | 99 | 88 | 77 | 80 |
    ---------------------------------------------------------------------------------
 10 |198 |195 |192 |223 |200 |175 |186 |179 |136 |117 |104 |113 | 82 | 85 | 18 | 45 |
    ---------------------------------------------------------------------------------
 11 |193 |  6 |199 |188 |191 |178 |165 |142 |157 |130 | 83 |100 | 67 | 76 | 81 | 64 |
    ---------------------------------------------------------------------------------
 12 |150 |189 |194 |171 |174 |187 |176 |135 |116 |103 |114 | 71 | 84 | 65 | 46 | 17 |
    ---------------------------------------------------------------------------------
 13 |  7 |172 |151 |190 |177 |166 |143 |156 |131 | 70 |101 | 66 | 75 | 68 | 63 | 58 |
    ---------------------------------------------------------------------------------
 14 |152 |149 |170 |173 |144 |155 |134 | 53 |102 |115 | 72 | 69 | 62 | 59 | 16 | 47 |
    ---------------------------------------------------------------------------------
 15 |169 |  8 |147 |154 |167 | 10 |145 |132 | 51 | 12 | 55 | 74 | 49 | 14 | 57 | 60 |
    ---------------------------------------------------------------------------------
 16 |148 |153 |168 |  9 |146 |133 | 52 | 11 | 54 | 73 | 50 | 13 | 56 | 61 | 48 | 15 |
    ---------------------------------------------------------------------------------
      a    b    c    d    e    f    g    h    i    j    k    l    m    n    o    p  
