      a    b    c    d    e    f    g    h    i    j    k    l    m    n    o    p    q    r    s    t    u    v    w    x    y    z    {    |    }    ~        Ä    Å    Ç    É    Ñ    Ö    Ü    á    à    â    ä    ã    å    ç    é    è    ê    ë    í    ì    î  
    ---------------------------------------------------------------------------------------------------------------------------------------------------------------------------------------------------------------------------------------------------------------------
  1 |  1 |2694 |103 |2692 |2677 |2664 |101 |2660 |2637 |2596 | 99 |2480 |2495 |2426 | 97 |2428 |2193 |2196 | 95 |2188 |1921 |1916 | 93 |1918 |1911 |1914 | 91 |1926 |1909 |1760 | 89 |1762 |1669 |1504 | 87 |1500 |305 |300 | 85 |302 |295 |298 | 83 |310 |289 |284 | 81 |260 |253 |256 | 79 |258 |
    ---------------------------------------------------------------------------------------------------------------------------------------------------------------------------------------------------------------------------------------------------------------------
  2 |104 |2701 |2680 |2695 |102 |2691 |2676 |2665 |100 |2659 |2638 |2595 | 98 |2479 |2482 |2425 | 96 |2289 |2192 |2195 | 94 |2187 |1920 |1915 | 92 |1931 |1910 |1913 | 90 |1927 |1776 |1759 | 88 |1671 |1660 |1505 | 86 |1499 |304 |299 | 84 |1445 |294 |297 | 82 |311 |288 |283 | 80 |259 |252 |255 |
    ---------------------------------------------------------------------------------------------------------------------------------------------------------------------------------------------------------------------------------------------------------------------
  3 |2681 |  2 |2693 |2700 |2687 |2678 |2663 |2658 |2661 |2636 |2597 |2496 |2481 |2494 |2427 |2288 |2429 |2194 |2197 |2286 |2189 |1922 |1917 |2142 |1919 |1912 |1925 |1930 |1775 |1908 |1761 |1670 |1763 |1668 |1503 |1648 |1501 |306 |301 |1456 |303 |296 |309 |1298 |315 |290 |285 |266 |261 |254 |257 | 78 |
    ---------------------------------------------------------------------------------------------------------------------------------------------------------------------------------------------------------------------------------------------------------------------
  4 |2704 |105 |2702 |2679 |2696 |2673 |2690 |2675 |2666 |2639 |2592 |2599 |2594 |2487 |2478 |2483 |2424 |2287 |2290 |2191 |2198 |2143 |2186 |1923 |1966 |1963 |1932 |1907 |1934 |1777 |1928 |1663 |1758 |1661 |1672 |1659 |1506 |1471 |1498 |307 |1446 |1357 |1444 |293 |312 |287 |314 |273 |282 |267 |262 |251 |
    ---------------------------------------------------------------------------------------------------------------------------------------------------------------------------------------------------------------------------------------------------------------------
  5 |  3 |2682 |2697 |2688 |2699 |2686 |2671 |2662 |2657 |2598 |2635 |2488 |2497 |2484 |2493 |2430 |2291 |2282 |2293 |2224 |2285 |2190 |2141 |1964 |2139 |1924 |1967 |1962 |1929 |1774 |1779 |1764 |1667 |1664 |1649 |1502 |1647 |1468 |1457 |1442 |1455 |308 |1299 |1048 |1297 |316 |291 |286 |265 |274 | 77 |268 |
    ---------------------------------------------------------------------------------------------------------------------------------------------------------------------------------------------------------------------------------------------------------------------
  6 |106 |2703 |2612 |2683 |2672 |2689 |2674 |2667 |2640 |2591 |2600 |2593 |2562 |2489 |2486 |2477 |2432 |2423 |2284 |2281 |2144 |2199 |2138 |2185 |2030 |1965 |1906 |1933 |1778 |1935 |1666 |1757 |1662 |1673 |1658 |1507 |1472 |1497 |1470 |1447 |1358 |1443 |1356 |1153 |292 |313 |340 |317 |272 |281 |250 |263 |
    ---------------------------------------------------------------------------------------------------------------------------------------------------------------------------------------------------------------------------------------------------------------------
  7 |2611 |  4 |2651 |2698 |2685 |2670 |2645 |2656 |2581 |2634 |2561 |2498 |2485 |2492 |2431 |2326 |2283 |2292 |2225 |2294 |2223 |2228 |2145 |2140 |1959 |2032 |1961 |1968 |1773 |1780 |1765 |1674 |1665 |1650 |1495 |1646 |1469 |1458 |1467 |1454 |1441 |1300 |1049 |1296 |1047 |378 |319 |280 |275 |264 |269 | 76 |
    ---------------------------------------------------------------------------------------------------------------------------------------------------------------------------------------------------------------------------------------------------------------------
  8 |2652 |107 |2684 |2613 |2650 |2655 |2668 |2641 |2590 |2601 |2582 |2563 |2490 |2499 |2476 |2433 |2422 |2327 |2280 |2227 |2200 |2137 |2184 |2031 |2146 |2029 |1958 |1905 |1936 |1655 |1756 |1651 |1676 |1657 |1508 |1597 |1496 |1473 |1460 |1359 |1448 |1355 |1154 |1203 |1152 |341 |358 |339 |318 |271 |276 |249 |
    ---------------------------------------------------------------------------------------------------------------------------------------------------------------------------------------------------------------------------------------------------------------------
  9 |  5 |2610 |2649 |2654 |2669 |2644 |2631 |2646 |2633 |2580 |2589 |2560 |2475 |2464 |2491 |2402 |2325 |2226 |2295 |2222 |2229 |2202 |2161 |2106 |2033 |1960 |1969 |1772 |1781 |1766 |1675 |1656 |1643 |1598 |1645 |1494 |1459 |1466 |1453 |1440 |1301 |1204 |1295 |1050 |379 |1046 |377 |320 |279 |330 | 75 |270 |
    ---------------------------------------------------------------------------------------------------------------------------------------------------------------------------------------------------------------------------------------------------------------------
 10 |108 |2653 |2614 |2627 |2620 |2647 |2642 |2587 |2602 |2583 |2564 |2465 |2500 |2403 |2434 |2421 |2328 |2279 |2256 |2201 |2162 |2183 |2136 |2147 |2028 |1957 |1904 |1937 |1696 |1755 |1654 |1677 |1652 |1509 |1596 |1465 |1474 |1461 |1360 |1449 |1354 |1155 |1202 |1151 |1052 |359 |342 |357 |338 |321 |248 |277 |
    ---------------------------------------------------------------------------------------------------------------------------------------------------------------------------------------------------------------------------------------------------------------------
 11 |2609 |  6 |2607 |2648 |2643 |2630 |2621 |2632 |2579 |2588 |2559 |2474 |2463 |2420 |2401 |2324 |2257 |2296 |2221 |2230 |2203 |2160 |2107 |2034 |2105 |1970 |1771 |1782 |1767 |1698 |1695 |1642 |1599 |1644 |1493 |1510 |1437 |1452 |1439 |1302 |1205 |1294 |1051 |380 |1045 |376 |621 |326 |331 |278 |329 | 74 |
    ---------------------------------------------------------------------------------------------------------------------------------------------------------------------------------------------------------------------------------------------------------------------
 12 |2574 |109 |2628 |2615 |2626 |2619 |2586 |2603 |2584 |2565 |2540 |2501 |2466 |2435 |2404 |2329 |2278 |2255 |2258 |2163 |2182 |2135 |2148 |2027 |1956 |1903 |1938 |1697 |1754 |1639 |1678 |1653 |1612 |1595 |1464 |1475 |1462 |1361 |1450 |1353 |1156 |1201 |1150 |1053 |622 |343 |360 |337 |356 |327 |322 |247 |
    ---------------------------------------------------------------------------------------------------------------------------------------------------------------------------------------------------------------------------------------------------------------------
 13 |  7 |2608 |2575 |2606 |2629 |2622 |2625 |2578 |2539 |2558 |2473 |2542 |2419 |2462 |2323 |2400 |2297 |2220 |2231 |2204 |2159 |2108 |2035 |2104 |1971 |1770 |1783 |1768 |1699 |1694 |1613 |1600 |1641 |1492 |1511 |1436 |1451 |1438 |1303 |1206 |1293 |1158 |381 |1044 |375 |620 |373 |354 |325 |332 | 73 |328 |
    ---------------------------------------------------------------------------------------------------------------------------------------------------------------------------------------------------------------------------------------------------------------------
 14 |110 |2573 |2616 |2623 |2618 |2577 |2604 |2585 |2566 |2541 |2502 |2467 |2436 |2405 |2330 |2277 |2254 |2259 |2164 |2181 |2134 |2149 |2026 |1955 |1902 |1939 |1874 |1753 |1638 |1679 |1640 |1611 |1594 |1433 |1476 |1463 |1362 |1291 |1352 |1157 |1200 |1149 |1054 |623 |382 |395 |344 |361 |336 |355 |246 |323 |
    ---------------------------------------------------------------------------------------------------------------------------------------------------------------------------------------------------------------------------------------------------------------------
 15 |2571 |  8 |2569 |2576 |2605 |2624 |2567 |2538 |2557 |2472 |2543 |2418 |2461 |2322 |2399 |2298 |2219 |2232 |2205 |2158 |2109 |2036 |2103 |1972 |1875 |1784 |1769 |1700 |1693 |1614 |1601 |1514 |1491 |1512 |1363 |1350 |1435 |1304 |1207 |1292 |1159 |1026 |1043 |394 |619 |374 |383 |372 |353 |324 |333 | 72 |
    ---------------------------------------------------------------------------------------------------------------------------------------------------------------------------------------------------------------------------------------------------------------------
 16 |2526 |111 |2572 |2617 |2568 |2515 |2556 |2505 |2544 |2503 |2468 |2437 |2406 |2331 |2276 |2253 |2260 |2165 |2180 |2133 |2150 |2025 |1954 |1901 |1940 |1873 |1752 |1635 |1680 |1637 |1610 |1593 |1432 |1477 |1434 |1305 |1290 |1351 |1252 |1199 |1148 |1055 |1028 |447 |624 |393 |396 |345 |362 |335 |352 |245 |
    ---------------------------------------------------------------------------------------------------------------------------------------------------------------------------------------------------------------------------------------------------------------------
 17 |  9 |2570 |2525 |2554 |2535 |2550 |2537 |2516 |2471 |2506 |2417 |2460 |2321 |2398 |2299 |2218 |2233 |2206 |2157 |2110 |2037 |2102 |1973 |1876 |1785 |1690 |1701 |1692 |1615 |1602 |1515 |1490 |1513 |1366 |1349 |1364 |1253 |1208 |1181 |1160 |1027 |1042 |1025 |618 |407 |426 |371 |384 |369 |350 | 71 |334 |
    ---------------------------------------------------------------------------------------------------------------------------------------------------------------------------------------------------------------------------------------------------------------------
 18 |112 |2527 |2522 |2551 |2524 |2555 |2514 |2545 |2504 |2469 |2438 |2407 |2332 |2275 |2252 |2261 |2166 |2179 |2132 |2151 |2024 |1953 |1900 |1941 |1872 |1751 |1634 |1681 |1636 |1609 |1592 |1367 |1478 |1431 |1308 |1289 |1306 |1251 |1198 |1147 |1056 |1029 |448 |625 |446 |409 |392 |397 |346 |363 |244 |351 |
    ---------------------------------------------------------------------------------------------------------------------------------------------------------------------------------------------------------------------------------------------------------------------
 19 |2521 | 10 |2553 |2534 |2549 |2536 |2517 |2470 |2507 |2416 |2459 |2320 |2397 |2300 |2217 |2234 |2207 |2156 |2111 |2038 |2101 |1974 |1877 |1786 |1689 |1702 |1691 |1616 |1603 |1516 |1489 |1430 |1309 |1348 |1365 |1254 |1209 |1182 |1161 |1180 |1041 |1024 |617 |408 |427 |406 |425 |370 |385 |368 |349 | 70 |
    ---------------------------------------------------------------------------------------------------------------------------------------------------------------------------------------------------------------------------------------------------------------------
 20 |2528 |113 |2530 |2523 |2552 |2513 |2546 |2441 |2458 |2439 |2408 |2333 |2274 |2251 |2262 |2167 |2178 |2131 |2152 |2023 |1952 |1899 |1942 |1871 |1750 |1633 |1682 |1589 |1608 |1591 |1518 |1479 |1368 |1255 |1288 |1307 |1250 |1197 |1146 |1057 |1030 |449 |626 |445 |524 |443 |410 |391 |398 |347 |364 |243 |
    ---------------------------------------------------------------------------------------------------------------------------------------------------------------------------------------------------------------------------------------------------------------------
 21 | 11 |2520 |2533 |2548 |2531 |2518 |2457 |2508 |2415 |2442 |2319 |2396 |2301 |2216 |2235 |2208 |2155 |2112 |2039 |2100 |1975 |1878 |1787 |1688 |1703 |1606 |1617 |1604 |1517 |1488 |1429 |1312 |1347 |1310 |1249 |1210 |1183 |1162 |1179 |1040 |1023 |616 |523 |450 |465 |428 |405 |424 |367 |386 | 69 |348 |
    ---------------------------------------------------------------------------------------------------------------------------------------------------------------------------------------------------------------------------------------------------------------------
 22 |114 |2529 |2384 |2519 |2512 |2547 |2448 |2455 |2440 |2409 |2334 |2273 |2250 |2263 |2168 |2177 |2130 |2153 |2022 |1951 |1898 |1943 |1870 |1749 |1632 |1683 |1588 |1607 |1590 |1519 |1480 |1369 |1256 |1287 |1194 |1177 |1196 |1145 |1058 |1031 |640 |627 |488 |525 |444 |451 |442 |411 |390 |399 |242 |365 |
    ---------------------------------------------------------------------------------------------------------------------------------------------------------------------------------------------------------------------------------------------------------------------
 23 |2383 | 12 |2511 |2532 |2449 |2456 |2509 |2414 |2443 |2318 |2395 |2302 |2215 |2236 |2209 |2154 |2113 |2040 |2099 |1976 |1879 |1788 |1687 |1704 |1585 |1618 |1605 |1558 |1487 |1428 |1313 |1346 |1311 |1248 |1211 |1184 |1163 |1178 |1039 |1022 |615 |522 |519 |466 |487 |464 |429 |404 |423 |366 |387 | 68 |
    ---------------------------------------------------------------------------------------------------------------------------------------------------------------------------------------------------------------------------------------------------------------------
 24 |2372 |115 |2452 |2385 |2510 |2447 |2454 |2393 |2410 |2335 |2272 |2249 |2264 |2169 |2176 |2129 |2098 |2021 |1950 |1897 |1944 |1869 |1748 |1631 |1684 |1559 |1522 |1587 |1520 |1481 |1370 |1257 |1286 |1193 |1176 |1195 |1144 |1059 |1032 |641 |628 |639 |526 |489 |520 |441 |452 |439 |412 |389 |400 |241 |
    ---------------------------------------------------------------------------------------------------------------------------------------------------------------------------------------------------------------------------------------------------------------------
 25 | 13 |2382 |2371 |2446 |2453 |2450 |2413 |2444 |2317 |2394 |2303 |2214 |2237 |2210 |2043 |2114 |2041 |2096 |1977 |1880 |1789 |1686 |1705 |1584 |1619 |1586 |1557 |1486 |1427 |1314 |1345 |1214 |1247 |1212 |1185 |1164 |1063 |1038 |1021 |1034 |923 |614 |521 |518 |467 |486 |463 |430 |403 |422 | 67 |388 |
    ---------------------------------------------------------------------------------------------------------------------------------------------------------------------------------------------------------------------------------------------------------------------
 26 |116 |2373 |2388 |2451 |2386 |2445 |2392 |2411 |2336 |2271 |2248 |2265 |2170 |2175 |2128 |2097 |2020 |1949 |1896 |1945 |1868 |1747 |1630 |1685 |1570 |1523 |1560 |1521 |1482 |1371 |1258 |1285 |1192 |1175 |1062 |1143 |1060 |1033 |922 |877 |642 |629 |638 |527 |490 |469 |440 |453 |438 |413 |240 |401 |
    ---------------------------------------------------------------------------------------------------------------------------------------------------------------------------------------------------------------------------------------------------------------------
 27 |2381 | 14 |2379 |2370 |2389 |2412 |2377 |2316 |2391 |2304 |2213 |2238 |2211 |2044 |2115 |2042 |2095 |1978 |1881 |1790 |1581 |1706 |1571 |1620 |1583 |1556 |1485 |1426 |1315 |1344 |1215 |1246 |1213 |1186 |1165 |1064 |1037 |1020 |1035 |924 |879 |774 |613 |468 |517 |462 |485 |418 |431 |402 |421 | 66 |
    ---------------------------------------------------------------------------------------------------------------------------------------------------------------------------------------------------------------------------------------------------------------------
 28 |2360 |117 |2374 |2387 |2378 |2369 |2390 |2337 |2270 |2247 |2266 |2171 |2174 |2127 |2094 |2019 |1948 |1895 |1946 |1867 |1746 |1629 |1582 |1569 |1524 |1561 |1374 |1483 |1372 |1259 |1284 |1191 |1174 |1065 |1142 |1061 |1092 |977 |878 |921 |876 |643 |630 |637 |528 |491 |470 |437 |454 |419 |414 |239 |
    ---------------------------------------------------------------------------------------------------------------------------------------------------------------------------------------------------------------------------------------------------------------------
 29 | 15 |2380 |2361 |2366 |2357 |2376 |2315 |2368 |2305 |2172 |2239 |2212 |2045 |2116 |1981 |2092 |1979 |1886 |1791 |1882 |1707 |1580 |1621 |1572 |1555 |1484 |1425 |1316 |1343 |1216 |1245 |1168 |1187 |1166 |1093 |978 |1019 |1036 |925 |880 |775 |790 |773 |612 |497 |516 |461 |484 |417 |432 | 65 |420 |
    ---------------------------------------------------------------------------------------------------------------------------------------------------------------------------------------------------------------------------------------------------------------------
 30 |118 |2359 |2356 |2375 |2362 |2367 |2338 |2269 |2246 |2267 |2118 |2173 |2126 |2093 |2018 |1887 |1894 |1947 |1866 |1745 |1628 |1709 |1568 |1525 |1562 |1375 |1342 |1373 |1260 |1283 |1190 |1173 |1066 |1141 |1018 |1091 |976 |881 |920 |875 |884 |631 |644 |529 |636 |499 |492 |471 |436 |455 |238 |415 |
    ---------------------------------------------------------------------------------------------------------------------------------------------------------------------------------------------------------------------------------------------------------------------
 31 |2353 | 16 |2365 |2358 |2349 |2314 |2363 |2306 |2339 |2240 |2125 |2046 |2117 |1982 |2091 |1980 |1885 |1792 |1883 |1708 |1579 |1622 |1573 |1554 |1341 |1424 |1317 |1282 |1217 |1244 |1169 |1188 |1167 |1094 |1067 |928 |979 |926 |883 |776 |791 |772 |789 |498 |611 |496 |515 |460 |483 |416 |433 | 64 |
    ---------------------------------------------------------------------------------------------------------------------------------------------------------------------------------------------------------------------------------------------------------------------
 32 |2072 |119 |2352 |2355 |2364 |2345 |2340 |2245 |2268 |2119 |2088 |1983 |2090 |2017 |1888 |1893 |1798 |1865 |1744 |1627 |1710 |1567 |1526 |1563 |1376 |1339 |1270 |1261 |1170 |1189 |1172 |1095 |1140 |1017 |1090 |975 |882 |919 |874 |885 |832 |777 |632 |645 |530 |635 |500 |493 |472 |435 |456 |237 |
    ---------------------------------------------------------------------------------------------------------------------------------------------------------------------------------------------------------------------------------------------------------------------
 33 | 17 |2354 |2073 |2348 |2313 |2350 |2307 |2344 |2241 |2124 |2047 |2016 |1889 |1892 |1797 |1864 |1793 |1884 |1717 |1578 |1623 |1574 |1553 |1340 |1423 |1318 |1281 |1218 |1243 |1112 |1139 |1070 |1089 |1068 |929 |980 |927 |932 |833 |792 |771 |788 |765 |778 |633 |610 |495 |514 |459 |482 | 63 |434 |
    ---------------------------------------------------------------------------------------------------------------------------------------------------------------------------------------------------------------------------------------------------------------------
 34 |120 |2071 |2312 |2351 |2346 |2341 |2242 |2123 |2244 |2087 |2120 |2089 |1984 |1863 |1890 |1799 |1718 |1743 |1626 |1711 |1566 |1527 |1564 |1377 |1338 |1271 |1262 |1269 |1138 |1171 |1096 |1113 |1016 |1071 |974 |931 |918 |873 |886 |831 |794 |779 |770 |745 |646 |531 |634 |501 |494 |473 |236 |457 |
    ---------------------------------------------------------------------------------------------------------------------------------------------------------------------------------------------------------------------------------------------------------------------
 35 |2079 | 18 |2347 |2074 |2311 |2308 |2343 |2086 |2121 |2048 |2015 |2008 |1891 |1796 |1803 |1794 |1801 |1716 |1577 |1624 |1575 |1552 |1337 |1422 |1319 |1280 |1273 |1242 |1219 |1136 |1111 |1088 |1069 |930 |981 |902 |933 |834 |793 |768 |787 |766 |781 |764 |747 |698 |609 |478 |513 |458 |481 | 62 |
    ---------------------------------------------------------------------------------------------------------------------------------------------------------------------------------------------------------------------------------------------------------------------
 36 |2070 |121 |2080 |2309 |2342 |2065 |2122 |2243 |2084 |2009 |1860 |1985 |1862 |1807 |1800 |1719 |1742 |1625 |1712 |1551 |1528 |1565 |1378 |1335 |1272 |1263 |1268 |1137 |1116 |1097 |1114 |1015 |1072 |973 |954 |917 |872 |887 |830 |795 |780 |769 |746 |719 |744 |647 |532 |649 |502 |479 |474 |235 |
    ---------------------------------------------------------------------------------------------------------------------------------------------------------------------------------------------------------------------------------------------------------------------
 37 | 19 |2078 |2063 |2066 |2075 |2310 |2085 |2012 |2049 |2014 |2007 |1806 |1739 |1804 |1795 |1802 |1715 |1550 |1529 |1576 |1379 |1336 |1421 |1320 |1279 |1274 |1241 |1220 |1135 |1110 |1087 |984 |955 |982 |903 |934 |901 |816 |835 |786 |767 |782 |763 |748 |699 |720 |697 |608 |477 |512 | 61 |480 |
    ---------------------------------------------------------------------------------------------------------------------------------------------------------------------------------------------------------------------------------------------------------------------
 38 |122 |2069 |2076 |2081 |2064 |2059 |2050 |2083 |2010 |1859 |1986 |1861 |1808 |1547 |1720 |1741 |1534 |1713 |1416 |1323 |1420 |1321 |1334 |1275 |1264 |1267 |1134 |1117 |1098 |1115 |1014 |1073 |972 |953 |916 |871 |888 |829 |796 |817 |728 |749 |718 |743 |662 |685 |648 |533 |650 |503 |234 |475 |
    ---------------------------------------------------------------------------------------------------------------------------------------------------------------------------------------------------------------------------------------------------------------------
 39 |2077 | 20 |2057 |2062 |2067 |2082 |2011 |2002 |2013 |2006 |1857 |1738 |1805 |1740 |1535 |1714 |1549 |1530 |1419 |1380 |1333 |1276 |1265 |1278 |1223 |1240 |1221 |1084 |1109 |1086 |985 |956 |983 |904 |935 |900 |815 |836 |785 |760 |783 |762 |729 |700 |721 |696 |663 |508 |607 |476 |511 | 60 |
    ---------------------------------------------------------------------------------------------------------------------------------------------------------------------------------------------------------------------------------------------------------------------
 40 |2056 |123 |2068 |1997 |2058 |2051 |2060 |2005 |1858 |1987 |1736 |1809 |1546 |1721 |1548 |1533 |1400 |1415 |1324 |1417 |1322 |1331 |1232 |1239 |1266 |1133 |1118 |1099 |1076 |1013 |1074 |971 |952 |915 |870 |889 |828 |863 |818 |797 |750 |727 |742 |717 |686 |661 |684 |651 |534 |509 |504 |233 |
    ---------------------------------------------------------------------------------------------------------------------------------------------------------------------------------------------------------------------------------------------------------------------
 41 | 21 |1992 |2055 |2052 |2061 |1996 |2001 |1988 |2003 |1856 |1545 |1722 |1737 |1536 |1401 |1412 |1531 |1418 |1381 |1332 |1233 |1238 |1277 |1224 |1119 |1222 |1083 |1108 |1085 |986 |957 |938 |905 |936 |899 |864 |837 |814 |759 |784 |761 |730 |701 |722 |695 |664 |571 |606 |507 |582 | 59 |510 |
    ---------------------------------------------------------------------------------------------------------------------------------------------------------------------------------------------------------------------------------------------------------------------
 42 |124 |1847 |1830 |1991 |1998 |2053 |2004 |1851 |1812 |1735 |1810 |1537 |1402 |1411 |1532 |1399 |1384 |1325 |1414 |1237 |1330 |1231 |1234 |1127 |1132 |1079 |1100 |1077 |1012 |1075 |970 |951 |914 |869 |890 |827 |862 |819 |798 |751 |726 |741 |716 |687 |660 |683 |652 |581 |564 |535 |232 |505 |
    ---------------------------------------------------------------------------------------------------------------------------------------------------------------------------------------------------------------------------------------------------------------------
 43 |1831 | 22 |1993 |2054 |1995 |1850 |1989 |2000 |1855 |1544 |1723 |1410 |153 |1398 |1385 |202 |1413 |1382 |1327 |1230 |1235 |1130 |1225 |1120 |1105 |1082 |1107 |1080 |987 |958 |939 |906 |937 |898 |865 |838 |813 |758 |733 |740 |731 |702 |723 |694 |665 |572 |605 |570 |583 |506 |565 | 58 |
    ---------------------------------------------------------------------------------------------------------------------------------------------------------------------------------------------------------------------------------------------------------------------
 44 |1846 |125 |1848 |1829 |1990 |1999 |1852 |1813 |1734 |1811 |1538 |1403 |1386 |193 |160 |1383 |1326 |203 |1236 |1329 |1228 |1121 |1128 |1131 |1126 |1101 |1078 |1011 |948 |969 |950 |913 |868 |891 |826 |861 |820 |799 |752 |725 |734 |715 |688 |659 |682 |653 |592 |567 |580 |563 |536 |231 |
    ---------------------------------------------------------------------------------------------------------------------------------------------------------------------------------------------------------------------------------------------------------------------
 45 | 23 |1832 |1843 |1994 |1849 |1838 |1841 |1854 |1543 |1724 |1409 |152 |1397 |154 |201 |192 |179 |1328 |1229 |994 |1129 |1226 |1123 |1104 |1005 |1106 |1081 |988 |959 |940 |907 |892 |897 |866 |839 |810 |757 |812 |739 |732 |703 |724 |693 |666 |593 |604 |573 |584 |569 |566 | 57 |562 |
    ---------------------------------------------------------------------------------------------------------------------------------------------------------------------------------------------------------------------------------------------------------------------
 46 |126 |1845 |1828 |1839 |1842 |1853 |1814 |1733 |1408 |1539 |1404 |1387 |194 |159 |180 |161 |204 |191 |208 |1227 |1122 |995 |1008 |1125 |1102 |989 |1010 |947 |968 |949 |912 |867 |856 |825 |860 |821 |800 |753 |704 |735 |714 |689 |658 |681 |654 |591 |568 |579 |560 |575 |230 |537 |
    ---------------------------------------------------------------------------------------------------------------------------------------------------------------------------------------------------------------------------------------------------------------------
 47 |1825 | 24 |1833 |1844 |1821 |1840 |1837 |1542 |1725 |1394 |143 |1396 |151 |200 |155 |178 |189 |176 |993 |1000 |209 |1124 |1103 |1004 |1009 |1006 |967 |960 |941 |908 |893 |896 |859 |840 |809 |756 |811 |738 |713 |690 |679 |692 |667 |594 |603 |578 |585 |574 |553 |228 |561 | 56 |
    ---------------------------------------------------------------------------------------------------------------------------------------------------------------------------------------------------------------------------------------------------------------------
 48 |1834 |127 |1824 |1827 |1836 |1815 |1732 |1407 |1540 |1405 |1388 |195 |156 |185 |158 |181 |162 |205 |190 |207 |992 |1001 |996 |1007 |990 |1003 |946 |909 |894 |911 |848 |855 |824 |857 |822 |801 |754 |707 |736 |705 |672 |657 |680 |655 |590 |595 |556 |559 |576 |545 |538 |229 |
    ---------------------------------------------------------------------------------------------------------------------------------------------------------------------------------------------------------------------------------------------------------------------
 49 | 25 |1826 |1835 |1820 |1731 |1822 |1541 |1726 |1393 |142 |1395 |144 |199 |150 |163 |186 |177 |188 |175 |210 |999 |964 |991 |1002 |997 |966 |961 |942 |847 |852 |895 |858 |841 |808 |755 |708 |737 |712 |673 |678 |691 |668 |597 |602 |557 |586 |577 |552 |227 |554 | 55 |544 |
    ---------------------------------------------------------------------------------------------------------------------------------------------------------------------------------------------------------------------------------------------------------------------
 50 |128 |1819 |130 |1823 |1816 |1729 |1392 |135 |1406 |1389 |196 |139 |184 |157 |182 |147 |166 |171 |206 |169 |174 |213 |998 |965 |962 |945 |846 |851 |910 |849 |842 |805 |854 |823 |802 |711 |674 |677 |706 |671 |598 |601 |656 |589 |596 |549 |558 |555 |546 |541 | 52 |539 |
    ---------------------------------------------------------------------------------------------------------------------------------------------------------------------------------------------------------------------------------------------------------------------
 51 |131 | 26 |1817 |1730 |133 | 28 |1727 |1390 |141 | 30 |137 |198 |145 | 32 |149 |164 |187 | 34 |167 |172 |211 | 36 |963 |214 |845 | 38 |943 |216 |843 | 40 |853 |218 |803 | 42 |807 |220 |709 | 44 |675 |222 |669 | 46 |599 |224 |587 | 48 |547 |226 |551 | 50 |543 | 54 |
    ---------------------------------------------------------------------------------------------------------------------------------------------------------------------------------------------------------------------------------------------------------------------
 52 |1818 |129 |132 | 27 |1728 |1391 |134 | 29 |136 |197 |140 | 31 |138 |183 |146 | 33 |148 |165 |170 | 35 |168 |173 |212 | 37 |944 |215 |844 | 39 |850 |217 |804 | 41 |806 |219 |710 | 43 |676 |221 |670 | 45 |600 |223 |588 | 47 |548 |225 |550 | 49 |542 | 53 |540 | 51 |
    ---------------------------------------------------------------------------------------------------------------------------------------------------------------------------------------------------------------------------------------------------------------------
      a    b    c    d    e    f    g    h    i    j    k    l    m    n    o    p    q    r    s    t    u    v    w    x    y    z    {    |    }    ~        Ä    Å    Ç    É    Ñ    Ö    Ü    á    à    â    ä    ã    å    ç    é    è    ê    ë    í    ì    î  
