      a    b    c    d    e    f    g    h    i    j    k    l    m    n    o    p    q    r    s    t    u    v    w    x    y    z    {    |    }    ~        Ä    Å    Ç    É    Ñ    Ö    Ü    á    à    â  
    --------------------------------------------------------------------------------------------------------------------------------------------------------------------------------------------------------------
  1 |  1 | 82 |265 |258 | 85 | 80 | 87 |148 | 91 | 78 | 89 |134 | 97 | 76 | 99 |116 |121 | 74 |119 |124 |163 | 72 |1677 |166 |1525 | 70 |1477 |168 |1233 | 68 |1235 |170 |1107 | 66 |1109 |172 |181 | 64 |183 |174 |179 |
    --------------------------------------------------------------------------------------------------------------------------------------------------------------------------------------------------------------
  2 |266 |255 | 84 | 81 |278 |259 | 92 | 79 | 88 |149 | 96 | 77 |100 |115 |138 | 75 |118 |123 |162 | 73 |1678 |165 |1526 | 71 |1668 |167 |1524 | 69 |1474 |169 |1232 | 67 |1236 |171 |1106 | 65 |1110 |173 |180 | 63 |184 |
    --------------------------------------------------------------------------------------------------------------------------------------------------------------------------------------------------------------
  3 | 83 |  2 |277 |264 |257 | 86 |281 |260 |147 | 90 |135 |108 |133 | 98 |117 |122 |157 |120 |125 |164 |395 |1676 |1667 |1674 |1527 |1478 |1481 |1476 |1449 |1234 |1407 |1238 |1231 |1108 |1211 |1184 |1105 |182 |1011 |178 |175 |
    --------------------------------------------------------------------------------------------------------------------------------------------------------------------------------------------------------------
  4 |254 |267 |256 |279 |304 |287 |262 | 93 |282 | 95 |150 |101 |114 |137 |128 |139 |126 |161 |394 |1681 |630 |1679 |1664 |1669 |1652 |1523 |1450 |1473 |1480 |1475 |1448 |1285 |1282 |1237 |1230 |1111 |1012 |1113 |176 |185 | 62 |
    --------------------------------------------------------------------------------------------------------------------------------------------------------------------------------------------------------------
  5 |  3 |276 |269 |290 |263 |280 |309 |286 |261 |146 |107 |136 |109 |132 |113 |156 |141 |158 |629 |396 |1663 |1658 |1675 |1666 |1673 |1528 |1479 |1482 |1451 |1408 |1283 |1406 |1239 |1212 |1185 |1210 |1183 |1104 |187 |1010 |177 |
    --------------------------------------------------------------------------------------------------------------------------------------------------------------------------------------------------------------
  6 |268 |253 |274 |303 |308 |305 |288 |315 | 94 |283 |102 |151 |106 |129 |140 |127 |398 |393 |160 |631 |1680 |1665 |1670 |1653 |1522 |1651 |1472 |1445 |1404 |1447 |1286 |1281 |1284 |1229 |1128 |1147 |1112 |1013 |1114 | 61 |186 |
    --------------------------------------------------------------------------------------------------------------------------------------------------------------------------------------------------------------
  7 |275 |  4 |291 |270 |289 |322 |307 |310 |285 |316 |145 |110 |131 |112 |155 |142 |159 |628 |397 |1642 |1657 |1662 |1659 |1672 |1529 |1454 |1483 |1452 |1409 |1402 |1405 |1240 |1213 |1186 |1209 |1182 |1129 |1044 |1103 |188 |1009 |
    --------------------------------------------------------------------------------------------------------------------------------------------------------------------------------------------------------------
  8 |252 |273 |302 |325 |306 |311 |330 |321 |314 |103 |284 |105 |152 |143 |130 |401 |392 |399 |632 |1645 |1660 |1671 |1654 |1521 |1650 |1471 |1444 |1403 |1446 |1289 |1280 |1287 |1228 |1215 |1148 |1127 |1146 |1115 |1014 |981 | 60 |
    --------------------------------------------------------------------------------------------------------------------------------------------------------------------------------------------------------------
  9 |  5 |294 |271 |292 |335 |326 |323 |312 |331 |364 |317 |144 |111 |402 |391 |154 |627 |1614 |1643 |1656 |1641 |1646 |1661 |1530 |1455 |1484 |1453 |1410 |1401 |1326 |1241 |1214 |1187 |1208 |1181 |1130 |1045 |1102 |1043 |1008 |189 |
    --------------------------------------------------------------------------------------------------------------------------------------------------------------------------------------------------------------
 10 |272 |251 |336 |301 |324 |329 |348 |363 |320 |313 |104 |405 |390 |153 |570 |505 |400 |633 |1610 |1637 |1644 |1655 |1520 |1649 |1470 |1443 |1400 |1325 |1290 |1279 |1288 |1227 |1216 |1149 |1126 |1145 |1116 |1015 |982 | 59 |980 |
    --------------------------------------------------------------------------------------------------------------------------------------------------------------------------------------------------------------
 11 |295 |  6 |293 |342 |349 |334 |327 |332 |365 |406 |389 |318 |443 |504 |403 |624 |1613 |626 |1615 |1640 |1647 |1638 |1531 |1456 |1485 |1322 |1411 |1244 |1327 |1242 |1277 |1188 |1207 |1180 |1131 |1046 |1101 |1042 |1007 |190 |957 |
    --------------------------------------------------------------------------------------------------------------------------------------------------------------------------------------------------------------
 12 |250 |339 |300 |337 |328 |347 |362 |407 |388 |319 |442 |481 |404 |569 |506 |571 |634 |1609 |1628 |1611 |1636 |1519 |1648 |1469 |1442 |1399 |1324 |1291 |1278 |1245 |1226 |1217 |1150 |1125 |1144 |1117 |1016 |983 |958 |979 | 58 |
    --------------------------------------------------------------------------------------------------------------------------------------------------------------------------------------------------------------
 13 |  7 |296 |341 |350 |343 |368 |333 |366 |411 |446 |409 |444 |503 |480 |623 |1608 |625 |1612 |1633 |1616 |1639 |1532 |1457 |1486 |1323 |1412 |1321 |1328 |1243 |1276 |1189 |1206 |1179 |1132 |1047 |1100 |1041 |1006 |909 |956 |191 |
    --------------------------------------------------------------------------------------------------------------------------------------------------------------------------------------------------------------
 14 |340 |249 |338 |299 |346 |361 |412 |387 |408 |441 |482 |479 |568 |507 |572 |635 |1536 |1627 |1534 |1629 |1518 |1635 |1468 |1441 |1398 |1373 |1292 |1319 |1246 |1225 |1218 |1151 |1124 |1143 |1118 |1017 |984 |959 |978 | 57 |908 |
    --------------------------------------------------------------------------------------------------------------------------------------------------------------------------------------------------------------
 15 |297 |  8 |351 |360 |369 |344 |367 |426 |447 |410 |445 |502 |545 |574 |1537 |622 |1607 |1632 |1617 |1634 |1533 |1458 |1487 |1372 |1413 |1320 |1329 |1224 |1275 |1190 |1205 |1178 |1133 |1048 |1099 |1040 |1005 |910 |955 |192 |891 |
    --------------------------------------------------------------------------------------------------------------------------------------------------------------------------------------------------------------
 16 |248 |359 |298 |345 |356 |415 |386 |413 |440 |483 |478 |547 |508 |567 |636 |573 |1618 |1535 |1626 |1517 |1630 |1467 |1440 |1397 |1374 |1293 |1318 |1247 |1204 |1219 |1152 |1123 |1142 |1119 |1018 |985 |960 |977 |892 |907 | 56 |
    --------------------------------------------------------------------------------------------------------------------------------------------------------------------------------------------------------------
 17 |  9 |352 |357 |372 |383 |370 |425 |450 |427 |448 |501 |544 |575 |546 |621 |1538 |1623 |1606 |1631 |1490 |1515 |1488 |1459 |1414 |1371 |1330 |1223 |1274 |1191 |1140 |1177 |1134 |1049 |1098 |1039 |1004 |911 |954 |849 |890 |193 |
    --------------------------------------------------------------------------------------------------------------------------------------------------------------------------------------------------------------
 18 |358 |247 |382 |355 |416 |385 |414 |439 |484 |477 |548 |509 |566 |637 |652 |1605 |1506 |1619 |1516 |1625 |1466 |1439 |1396 |1375 |1294 |1317 |1248 |1203 |1220 |1153 |1122 |1141 |1120 |1019 |986 |961 |976 |893 |906 | 55 |848 |
    --------------------------------------------------------------------------------------------------------------------------------------------------------------------------------------------------------------
 19 |353 | 10 |373 |384 |371 |424 |451 |428 |449 |500 |543 |576 |651 |620 |1505 |1622 |1539 |1624 |1491 |1514 |1489 |1460 |1415 |1370 |1331 |1222 |1273 |1192 |1139 |1176 |1135 |1050 |1097 |1038 |1003 |912 |953 |850 |889 |194 |807 |
    --------------------------------------------------------------------------------------------------------------------------------------------------------------------------------------------------------------
 20 |246 |381 |354 |417 |378 |429 |438 |485 |476 |549 |510 |565 |638 |653 |1548 |1503 |1604 |1507 |1620 |1465 |1438 |1395 |1376 |1295 |1316 |1249 |1202 |1221 |1154 |1051 |1096 |1121 |1020 |987 |962 |975 |894 |905 |808 |847 | 54 |
    --------------------------------------------------------------------------------------------------------------------------------------------------------------------------------------------------------------
 21 | 11 |374 |379 |430 |423 |454 |469 |452 |499 |542 |577 |650 |619 |1504 |1601 |1540 |1621 |1492 |1513 |1418 |1461 |1416 |1369 |1332 |1201 |1272 |1193 |1138 |1175 |1136 |1035 |1000 |1037 |1002 |913 |952 |851 |888 |767 |806 |195 |
    --------------------------------------------------------------------------------------------------------------------------------------------------------------------------------------------------------------
 22 |380 |245 |418 |377 |468 |437 |486 |475 |550 |511 |564 |639 |654 |1547 |1502 |1549 |1508 |1603 |1464 |1437 |1394 |1377 |1296 |1315 |1250 |1157 |1174 |1155 |1064 |1095 |1052 |1021 |988 |963 |974 |895 |904 |809 |846 | 53 |766 |
    --------------------------------------------------------------------------------------------------------------------------------------------------------------------------------------------------------------
 23 |375 | 12 |431 |422 |455 |470 |453 |498 |541 |578 |649 |618 |1501 |1600 |1541 |1602 |1493 |1512 |1419 |1462 |1417 |1368 |1333 |1200 |1271 |1194 |1065 |1094 |1137 |1034 |999 |1036 |1001 |914 |951 |852 |887 |768 |805 |196 |771 |
    --------------------------------------------------------------------------------------------------------------------------------------------------------------------------------------------------------------
 24 |244 |419 |376 |467 |436 |487 |474 |551 |512 |563 |640 |655 |1546 |1495 |1552 |1509 |1550 |1463 |1436 |1393 |1378 |1297 |1314 |1251 |1158 |1173 |1156 |1063 |1024 |1053 |1022 |989 |964 |973 |896 |903 |810 |845 |770 |765 | 52 |
    --------------------------------------------------------------------------------------------------------------------------------------------------------------------------------------------------------------
 25 | 13 |432 |421 |456 |471 |514 |497 |540 |579 |648 |617 |1500 |1597 |1542 |1599 |1494 |1511 |1420 |1427 |1336 |1367 |1334 |1199 |1270 |1195 |1160 |1093 |1066 |1033 |998 |917 |972 |915 |950 |853 |886 |769 |804 |753 |772 |197 |
    --------------------------------------------------------------------------------------------------------------------------------------------------------------------------------------------------------------
 26 |420 |243 |466 |435 |488 |473 |552 |513 |562 |641 |656 |1545 |1496 |1553 |1510 |1551 |1426 |1435 |1392 |1379 |1298 |1313 |1252 |1159 |1172 |1079 |1062 |1025 |1054 |1023 |990 |965 |918 |897 |902 |813 |844 |811 |764 | 51 |752 |
    --------------------------------------------------------------------------------------------------------------------------------------------------------------------------------------------------------------
 27 |433 | 14 |457 |472 |515 |496 |539 |580 |647 |616 |1499 |1596 |1543 |1598 |1423 |1434 |1421 |1428 |1337 |1366 |1335 |1198 |1269 |1196 |1161 |1092 |1067 |1032 |997 |1026 |971 |916 |949 |856 |885 |854 |803 |754 |773 |198 |757 |
    --------------------------------------------------------------------------------------------------------------------------------------------------------------------------------------------------------------
 28 |242 |465 |434 |489 |462 |553 |608 |561 |642 |657 |1544 |1497 |1556 |1587 |1554 |1425 |1382 |1391 |1380 |1299 |1312 |1253 |1168 |1171 |1080 |1061 |1078 |1055 |970 |991 |966 |919 |898 |901 |814 |843 |812 |763 |756 |751 | 50 |
    --------------------------------------------------------------------------------------------------------------------------------------------------------------------------------------------------------------
 29 | 15 |458 |463 |516 |495 |538 |581 |646 |615 |1498 |1595 |1582 |1593 |1424 |1433 |1422 |1429 |1338 |1365 |1266 |1169 |1268 |1197 |1162 |1091 |1068 |1031 |996 |1027 |946 |899 |948 |857 |884 |855 |802 |755 |774 |729 |758 |199 |
    --------------------------------------------------------------------------------------------------------------------------------------------------------------------------------------------------------------
 30 |464 |241 |490 |461 |554 |607 |560 |609 |658 |643 |1592 |1557 |1588 |1555 |1586 |1383 |1390 |1381 |1300 |1311 |1254 |1167 |1170 |1081 |1060 |1077 |1056 |969 |992 |967 |920 |883 |900 |815 |842 |791 |762 |787 |750 | 49 |730 |
    --------------------------------------------------------------------------------------------------------------------------------------------------------------------------------------------------------------
 31 |459 | 16 |517 |494 |537 |582 |645 |614 |1577 |1574 |1581 |1594 |1583 |1432 |1341 |1430 |1339 |1364 |1265 |1302 |1267 |1082 |1163 |1090 |1069 |1030 |995 |1028 |945 |860 |947 |858 |881 |790 |801 |788 |775 |728 |759 |200 |737 |
    --------------------------------------------------------------------------------------------------------------------------------------------------------------------------------------------------------------
 32 |240 |491 |460 |555 |606 |559 |610 |659 |644 |1591 |1576 |1589 |1558 |1585 |1384 |1389 |1342 |1301 |1310 |1255 |1166 |1089 |1074 |1059 |1076 |1057 |942 |993 |968 |921 |882 |839 |816 |841 |792 |761 |786 |749 |738 |731 | 48 |
    --------------------------------------------------------------------------------------------------------------------------------------------------------------------------------------------------------------
 33 | 17 |518 |493 |536 |583 |600 |613 |1578 |1575 |1580 |1573 |1584 |1385 |1560 |1431 |1340 |1363 |1264 |1303 |1088 |1257 |1164 |1083 |1070 |941 |994 |1029 |922 |861 |944 |859 |880 |793 |800 |789 |776 |745 |760 |727 |736 |201 |
    --------------------------------------------------------------------------------------------------------------------------------------------------------------------------------------------------------------
 34 |492 |239 |556 |601 |558 |605 |660 |611 |1570 |1565 |1590 |1559 |1572 |1361 |1388 |1343 |1306 |1309 |1256 |1165 |1086 |1073 |938 |1075 |1058 |925 |874 |943 |876 |879 |838 |817 |840 |781 |746 |785 |748 |739 |732 | 47 |726 |
    --------------------------------------------------------------------------------------------------------------------------------------------------------------------------------------------------------------
 35 |519 | 18 |535 |584 |599 |612 |1567 |1350 |1579 |1358 |1571 |1386 |1561 |1354 |1307 |1362 |1263 |1304 |1087 |1258 |937 |1084 |1071 |926 |873 |940 |923 |862 |835 |824 |877 |794 |799 |784 |777 |744 |733 |724 |735 |202 |205 |
    --------------------------------------------------------------------------------------------------------------------------------------------------------------------------------------------------------------
 36 |238 |529 |520 |557 |602 |661 |604 |665 |1566 |1569 |1564 |1357 |1360 |1387 |1344 |1305 |1308 |1261 |936 |1085 |1072 |929 |872 |939 |924 |865 |834 |875 |878 |827 |818 |837 |780 |795 |782 |747 |740 |721 |204 |725 | 46 |
    --------------------------------------------------------------------------------------------------------------------------------------------------------------------------------------------------------------
 37 | 19 |522 |585 |534 |587 |598 |1349 |1568 |1351 |670 |1359 |1562 |1353 |682 |1355 |1262 |935 |686 |1259 |930 |871 |698 |927 |866 |833 |702 |863 |828 |823 |836 |825 |798 |783 |778 |743 |708 |723 |734 |719 |206 |203 |
    --------------------------------------------------------------------------------------------------------------------------------------------------------------------------------------------------------------
 38 |528 |237 |530 |521 |662 |603 |664 |597 |666 |1563 |1352 |671 |1356 |1345 |934 |681 |1260 |931 |870 |687 |928 |867 |832 |697 |864 |829 |822 |703 |826 |819 |714 |779 |796 |709 |716 |741 |720 |217 |722 | 45 |214 |
    --------------------------------------------------------------------------------------------------------------------------------------------------------------------------------------------------------------
 39 |523 | 20 |525 |586 |533 |588 |667 |1348 |669 |596 |591 |1346 |593 |672 |683 |932 |685 |680 |675 |868 |677 |688 |699 |830 |701 |696 |691 |820 |693 |704 |797 |710 |715 |742 |707 |218 |211 |718 |215 | 42 |207 |
    --------------------------------------------------------------------------------------------------------------------------------------------------------------------------------------------------------------
 40 |236 |527 | 22 |531 |234 |663 | 24 |589 |232 |1347 | 26 |595 |230 |933 | 28 |673 |228 |869 | 30 |679 |226 |831 | 32 |689 |224 |821 | 34 |695 |222 |713 | 36 |705 |220 |711 | 38 |717 |216 |209 | 40 |213 | 44 |
    --------------------------------------------------------------------------------------------------------------------------------------------------------------------------------------------------------------
 41 | 21 |524 |235 |526 | 23 |532 |233 |668 | 25 |590 |231 |592 | 27 |594 |229 |684 | 29 |674 |227 |676 | 31 |678 |225 |700 | 33 |690 |223 |692 | 35 |694 |221 |712 | 37 |706 |219 |210 | 39 |212 | 43 |208 | 41 |
    --------------------------------------------------------------------------------------------------------------------------------------------------------------------------------------------------------------
      a    b    c    d    e    f    g    h    i    j    k    l    m    n    o    p    q    r    s    t    u    v    w    x    y    z    {    |    }    ~        Ä    Å    Ç    É    Ñ    Ö    Ü    á    à    â  
