      a    b    c    d    e    f    g    h  
    -----------------------------------------
  1 |  1 | 50 | 15 | 32 | 61 | 28 | 13 | 30 |
    -----------------------------------------
  2 | 16 | 33 | 64 | 55 | 14 | 31 | 60 | 27 |
    -----------------------------------------
  3 | 51 |  2 | 49 | 44 | 57 | 62 | 29 | 12 |
    -----------------------------------------
  4 | 34 | 17 | 56 | 63 | 54 | 47 | 26 | 59 |
    -----------------------------------------
  5 |  3 | 52 | 45 | 48 | 43 | 58 | 11 | 40 |
    -----------------------------------------
  6 | 18 | 35 | 20 | 53 | 46 | 41 |  8 | 25 |
    -----------------------------------------
  7 | 21 |  4 | 37 | 42 | 23 |  6 | 39 | 10 |
    -----------------------------------------
  8 | 36 | 19 | 22 |  5 | 38 |  9 | 24 |  7 |
    -----------------------------------------
      a    b    c    d    e    f    g    h  
