      a    b    c    d    e    f    g    h    i    j    k    l    m    n    o    p    q    r    s    t    u    v    w    x    y    z    {    |    }    ~        €  
    -----------------------------------------------------------------------------------------------------------------------------------------------------------------
  1 |  1 |1024 | 63 |998 |1017 |642 | 61 |640 |959 |636 | 59 |638 |647 |632 | 57 |620 |235 |230 | 55 |232 |225 |228 | 53 |240 |219 |214 | 51 |190 |183 |186 | 49 |188 |
    -----------------------------------------------------------------------------------------------------------------------------------------------------------------
  2 | 64 |999 |1016 |1021 | 62 |997 |976 |643 | 60 |639 |930 |635 | 58 |619 |648 |631 | 56 |617 |234 |229 | 54 |575 |224 |227 | 52 |241 |218 |213 | 50 |189 |182 |185 |
    -----------------------------------------------------------------------------------------------------------------------------------------------------------------
  3 |1023 |  2 |1013 |1018 |1009 |1020 |641 |960 |929 |958 |637 |646 |877 |652 |633 |618 |621 |236 |231 |588 |233 |226 |239 |564 |245 |220 |215 |196 |191 |184 |187 | 48 |
    -----------------------------------------------------------------------------------------------------------------------------------------------------------------
  4 |1000 | 65 |1022 |1015 |1012 |977 |996 |975 |644 |961 |928 |931 |634 |649 |666 |651 |630 |613 |616 |237 |576 |565 |574 |223 |242 |217 |244 |203 |212 |197 |192 |181 |
    -----------------------------------------------------------------------------------------------------------------------------------------------------------------
  5 |  3 |1014 |1001 |1008 |1019 |1010 |979 |962 |957 |932 |645 |878 |665 |876 |653 |628 |615 |622 |589 |612 |587 |238 |567 |540 |563 |246 |221 |216 |195 |204 | 47 |198 |
    -----------------------------------------------------------------------------------------------------------------------------------------------------------------
  6 | 66 |1003 |1006 |1011 |978 |995 |974 |947 |964 |925 |934 |927 |840 |799 |650 |667 |654 |629 |614 |585 |566 |577 |562 |573 |222 |243 |270 |247 |202 |211 |180 |193 |
    -----------------------------------------------------------------------------------------------------------------------------------------------------------------
  7 |1005 |  4 |989 |1002 |1007 |980 |963 |956 |933 |946 |879 |844 |875 |664 |801 |770 |627 |598 |623 |590 |611 |586 |541 |568 |539 |520 |249 |210 |205 |194 |199 | 46 |
    -----------------------------------------------------------------------------------------------------------------------------------------------------------------
  8 |984 | 67 |1004 |991 |994 |973 |948 |965 |924 |935 |926 |841 |800 |839 |798 |663 |668 |655 |610 |599 |584 |569 |578 |561 |572 |271 |288 |269 |248 |201 |206 |179 |
    -----------------------------------------------------------------------------------------------------------------------------------------------------------------
  9 |  5 |990 |983 |988 |981 |992 |955 |936 |945 |880 |845 |874 |843 |802 |771 |722 |769 |626 |597 |624 |591 |600 |571 |542 |521 |538 |519 |250 |209 |260 | 45 |200 |
    -----------------------------------------------------------------------------------------------------------------------------------------------------------------
 10 | 68 |985 |908 |993 |972 |949 |966 |923 |860 |873 |842 |803 |838 |797 |806 |773 |662 |669 |656 |609 |570 |583 |560 |579 |544 |289 |272 |287 |268 |251 |178 |207 |
    -----------------------------------------------------------------------------------------------------------------------------------------------------------------
 11 |907 |  6 |971 |982 |987 |954 |937 |944 |881 |914 |861 |846 |805 |772 |723 |768 |721 |726 |625 |596 |601 |592 |543 |522 |537 |518 |495 |256 |261 |208 |259 | 44 |
    -----------------------------------------------------------------------------------------------------------------------------------------------------------------
 12 |970 | 69 |986 |909 |950 |967 |922 |913 |872 |859 |804 |837 |796 |807 |774 |725 |670 |661 |608 |657 |582 |559 |580 |545 |494 |273 |290 |267 |286 |257 |252 |177 |
    -----------------------------------------------------------------------------------------------------------------------------------------------------------------
 13 |  7 |906 |951 |968 |953 |938 |943 |882 |915 |862 |847 |814 |775 |724 |767 |720 |727 |672 |595 |602 |593 |550 |523 |536 |517 |496 |461 |284 |255 |262 | 43 |258 |
    -----------------------------------------------------------------------------------------------------------------------------------------------------------------
 14 | 70 |969 |898 |939 |910 |921 |912 |871 |858 |815 |836 |795 |808 |689 |728 |671 |660 |607 |658 |551 |558 |581 |546 |525 |460 |493 |274 |291 |266 |285 |176 |253 |
    -----------------------------------------------------------------------------------------------------------------------------------------------------------------
 15 |897 |  8 |905 |952 |899 |942 |883 |916 |863 |848 |813 |776 |793 |766 |719 |690 |673 |556 |603 |594 |549 |524 |535 |516 |497 |462 |435 |450 |283 |254 |263 | 42 |
    -----------------------------------------------------------------------------------------------------------------------------------------------------------------
 16 |904 | 71 |940 |893 |920 |911 |870 |857 |816 |835 |794 |809 |718 |729 |688 |713 |606 |659 |552 |557 |534 |547 |526 |463 |492 |459 |466 |275 |292 |265 |282 |175 |
    -----------------------------------------------------------------------------------------------------------------------------------------------------------------
 17 |  9 |896 |903 |900 |941 |884 |917 |864 |849 |812 |777 |792 |765 |714 |691 |674 |555 |604 |533 |548 |529 |500 |515 |498 |465 |436 |451 |434 |449 |280 | 41 |264 |
    -----------------------------------------------------------------------------------------------------------------------------------------------------------------
 18 | 72 |901 |892 |919 |894 |869 |856 |817 |834 |791 |810 |717 |730 |687 |712 |605 |532 |553 |530 |487 |514 |527 |464 |491 |458 |467 |426 |397 |276 |293 |174 |281 |
    -----------------------------------------------------------------------------------------------------------------------------------------------------------------
 19 |891 | 10 |895 |902 |885 |918 |865 |850 |811 |778 |731 |764 |715 |692 |675 |554 |505 |486 |513 |528 |501 |488 |499 |474 |437 |452 |433 |448 |427 |398 |279 | 40 |
    -----------------------------------------------------------------------------------------------------------------------------------------------------------------
 20 |826 | 73 |886 |889 |868 |855 |818 |833 |790 |763 |716 |693 |686 |711 |506 |349 |512 |531 |504 |477 |482 |475 |490 |457 |468 |441 |438 |425 |396 |277 |294 |173 |
    -----------------------------------------------------------------------------------------------------------------------------------------------------------------
 21 | 11 |890 |825 |830 |887 |866 |851 |762 |779 |732 |685 |710 |507 |676 |511 |340 |353 |350 |485 |502 |489 |478 |473 |440 |453 |432 |447 |428 |399 |382 | 39 |278 |
    -----------------------------------------------------------------------------------------------------------------------------------------------------------------
 22 | 74 |827 |888 |867 |854 |819 |832 |789 |696 |709 |694 |677 |510 |339 |348 |351 |346 |503 |354 |481 |476 |483 |456 |469 |442 |439 |422 |393 |424 |395 |172 |295 |
    -----------------------------------------------------------------------------------------------------------------------------------------------------------------
 23 |785 | 12 |829 |824 |831 |852 |761 |780 |733 |684 |697 |338 |103 |508 |319 |152 |341 |352 |345 |484 |479 |472 |417 |454 |431 |446 |429 |400 |383 |296 |381 | 38 |
    -----------------------------------------------------------------------------------------------------------------------------------------------------------------
 24 |828 | 75 |786 |853 |820 |823 |788 |759 |708 |695 |678 |509 |320 |143 |110 |347 |318 |153 |480 |355 |414 |455 |470 |443 |406 |421 |392 |423 |394 |385 |298 |171 |
    -----------------------------------------------------------------------------------------------------------------------------------------------------------------
 25 | 13 |784 |821 |754 |787 |760 |781 |734 |683 |698 |337 |102 |331 |104 |151 |142 |129 |342 |317 |344 |471 |416 |407 |418 |445 |430 |401 |384 |297 |380 | 37 |370 |
    -----------------------------------------------------------------------------------------------------------------------------------------------------------------
 26 | 76 |745 |750 |783 |822 |755 |758 |707 |336 |679 |332 |321 |144 |109 |130 |111 |154 |141 |158 |415 |356 |413 |444 |405 |408 |391 |420 |375 |386 |369 |170 |299 |
    -----------------------------------------------------------------------------------------------------------------------------------------------------------------
 27 |747 | 14 |753 |756 |751 |782 |735 |682 |699 |328 | 93 |330 |101 |150 |105 |128 |139 |126 |343 |316 |159 |404 |411 |364 |419 |402 |389 |368 |379 |168 |371 | 36 |
    -----------------------------------------------------------------------------------------------------------------------------------------------------------------
 28 |744 | 77 |746 |749 |738 |757 |706 |335 |680 |333 |322 |145 |106 |135 |108 |131 |112 |155 |140 |157 |412 |357 |314 |403 |390 |409 |376 |387 |374 |307 |300 |169 |
    -----------------------------------------------------------------------------------------------------------------------------------------------------------------
 29 | 15 |748 |739 |752 |705 |736 |681 |700 |327 | 92 |329 | 94 |149 |100 |113 |136 |127 |138 |125 |160 |315 |312 |365 |410 |363 |388 |367 |378 |167 |372 | 35 |306 |
    -----------------------------------------------------------------------------------------------------------------------------------------------------------------
 30 | 78 |743 | 80 |737 |740 |703 |326 | 85 |334 |323 |146 | 89 |134 |107 |132 | 97 |116 |121 |156 |119 |124 |163 |358 |313 |366 |377 |362 |373 |308 |303 | 32 |301 |
    -----------------------------------------------------------------------------------------------------------------------------------------------------------------
 31 | 81 | 16 |741 |704 | 83 | 18 |701 |324 | 91 | 20 | 87 |148 | 95 | 22 | 99 |114 |137 | 24 |117 |122 |161 | 26 |311 |164 |359 | 28 |309 |166 |361 | 30 |305 | 34 |
    -----------------------------------------------------------------------------------------------------------------------------------------------------------------
 32 |742 | 79 | 82 | 17 |702 |325 | 84 | 19 | 86 |147 | 90 | 21 | 88 |133 | 96 | 23 | 98 |115 |120 | 25 |118 |123 |162 | 27 |310 |165 |360 | 29 |304 | 33 |302 | 31 |
    -----------------------------------------------------------------------------------------------------------------------------------------------------------------
      a    b    c    d    e    f    g    h    i    j    k    l    m    n    o    p    q    r    s    t    u    v    w    x    y    z    {    |    }    ~        €  
