      a    b    c    d    e    f    g    h    i    j    k    l    m    n    o    p  
    ---------------------------------------------------------------------------------
  1 |  1 |116 | 31 |114 |145 |142 | 29 |156 |151 | 60 | 27 | 58 |183 | 62 | 25 | 56 |
    ---------------------------------------------------------------------------------
  2 | 32 |113 |124 |141 | 30 |157 |150 |143 | 28 |161 |178 | 61 | 26 | 57 |182 | 63 |
    ---------------------------------------------------------------------------------
  3 |117 |  2 |115 |146 |123 |144 |155 |160 |175 |152 | 59 |186 |179 |184 | 55 | 24 |
    ---------------------------------------------------------------------------------
  4 |112 | 33 |140 |125 |158 |149 |164 |153 |162 |213 |174 |177 |192 |187 | 64 |181 |
    ---------------------------------------------------------------------------------
  5 |  3 |118 |127 |122 |147 |154 |159 |252 |173 |176 |235 |212 |185 |180 | 23 | 54 |
    ---------------------------------------------------------------------------------
  6 | 34 |111 |100 |139 |126 |165 |148 |163 |248 |253 |214 |191 |216 |193 |188 | 65 |
    ---------------------------------------------------------------------------------
  7 | 99 |  4 |119 |128 |121 |138 |249 |172 |251 |234 |245 |236 |211 |190 | 53 | 22 |
    ---------------------------------------------------------------------------------
  8 |108 | 35 |110 |101 |166 |129 |232 |243 |256 |247 |254 |215 |194 |217 | 66 |189 |
    ---------------------------------------------------------------------------------
  9 |  5 | 98 |107 |120 |137 |104 |171 |250 |233 |244 |241 |246 |237 |210 | 21 | 52 |
    ---------------------------------------------------------------------------------
 10 | 36 |109 |102 | 95 |106 |167 |130 |231 |242 |255 |238 |229 |218 |195 |202 | 67 |
    ---------------------------------------------------------------------------------
 11 | 97 |  6 | 93 |132 |103 |136 |105 |170 |223 |230 |219 |240 |209 |228 | 51 | 20 |
    ---------------------------------------------------------------------------------
 12 | 84 | 37 | 96 | 79 | 94 |131 |168 |135 |206 |239 |224 |227 |196 |203 | 68 |201 |
    ---------------------------------------------------------------------------------
 13 |  7 | 80 | 85 | 92 |133 | 78 | 89 |222 |169 |220 |205 |208 |225 |200 | 19 | 50 |
    ---------------------------------------------------------------------------------
 14 | 38 | 83 | 40 | 77 | 88 | 91 |134 | 45 | 74 |207 |226 |197 |204 | 71 | 16 | 69 |
    ---------------------------------------------------------------------------------
 15 | 41 |  8 | 81 | 86 | 43 | 10 | 75 | 90 |221 | 12 | 47 | 72 |199 | 14 | 49 | 18 |
    ---------------------------------------------------------------------------------
 16 | 82 | 39 | 42 |  9 | 76 | 87 | 44 | 11 | 46 | 73 |198 | 13 | 48 | 17 | 70 | 15 |
    ---------------------------------------------------------------------------------
      a    b    c    d    e    f    g    h    i    j    k    l    m    n    o    p  
